file | branching | early exit | rules123 | rule4 | rule5 | induced cost | zeroes
exact001.gr | 0 | 0 | 0 | 0 | 0 | 14.5 | 0.5
exact003.gr | 38212.5 | 8255.5 | 0 | 0 | 0 | 104082.5 | 8124.5
exact005.gr | 34146.5 | 6243 | 0 | 2 | 0 | 105776.5 | 3173.5
exact011.gr | 5079 | 345 | 0 | 0 | 0 | 24878.5 | 18.5
exact057.gr | 1694.5 | 44.5 | 14.5 | 2 | 9 | 10949.5 | 8.5
exact061.gr | 973 | 23 | 0 | 0 | 47.5 | 7920 | 2
exact065.gr | 573 | 0 | 0 | 0 | 0 | 15592 | 0
exact075.gr | 0 | 0 | 0 | 0 | 0 | 9076 | 0
exact077.gr | 23 | 0 | 0 | 0 | 0 | 27190 | 0
exact079.gr | 48 | 1 | 3 | 0 | 4 | 1037 | 0
exact097.gr | 1198.5 | 32.5 | 0 | 12 | 0 | 3830 | 66.5
exact115.gr | 837637.5 | 83375 | 8.5 | 25 | 163.5 | 3058207.5 | 53948.5
exact119.gr | 139 | 0 | 2 | 2 | 0 | 12109 | 0
exact127.gr | 196 | 0 | 1 | 0 | 0 | 5106 | 1.5
exact137.gr | 0 | 0 | 0 | 0 | 0 | 64 | 0
exact153.gr | 0 | 0 | 0 | 0 | 0 | 12 | 0
exact155.gr | 19 | 0 | 3.5 | 0 | 0.5 | 4396 | 0
exact161.gr | 8624 | 1536.5 | 8.5 | 14.5 | 99.5 | 40363.5 | 321.5
exact173.gr | 154 | 0 | 1 | 0 | 0 | 2175 | 0
exact185.gr | 1341.5 | 265 | 21 | 9.5 | 195.5 | 15960 | 33
