file | branching | early exit | rules123 | rule4 | rule5 | induced cost | zeroes
exact001.gr | 0 | 0 | 0 | 0 | 0 | 14.5 | 0.5
exact003.gr | 38212.5 | 8255.5 | 0 | 0 | 0 | 104082.5 | 8124.5
exact005.gr | 34146.5 | 6243 | 0 | 2 | 0 | 105776.5 | 3173.5
exact007.gr | 84037230 | 16413997 | 61.5 | 0 | 0 | 190639700 | 8388608
exact009.gr | 24201728 | 6464654 | 0 | 0 | 0 | 71916540 | 5894721
exact011.gr | 5079 | 345 | 0 | 0 | 0 | 24878.5 | 18.5
exact015.gr | 542448900 | 720895400 | 18948 | 1153 | 54464.5 | 1412445700 | 8388608
exact023.gr | 531800770 | 536360100 | 1285.5 | 0 | 2484.5 | 2909219800 | 8388608
exact031.gr | 212.5 | 10.5 | 0 | 0 | 0 | 4109 | 9
exact035.gr | 550905.5 | 42179.5 | 58.5 | 10 | 927.5 | 5693379.5 | 6242.5
exact041.gr | 0 | 0 | 0 | 0 | 0 | 2938.5 | 0.5
exact047.gr | 468061 | 116494 | 0 | 0 | 777.5 | 4476143 | 3911
exact057.gr | 1694.5 | 44.5 | 14.5 | 2 | 9 | 10949.5 | 8.5
exact061.gr | 973 | 23 | 0 | 0 | 47.5 | 7920 | 2
exact065.gr | 573 | 0 | 0 | 0 | 0 | 15592 | 0
exact075.gr | 0 | 0 | 0 | 0 | 0 | 9076 | 0
exact077.gr | 23 | 0 | 0 | 0 | 0 | 27190 | 0
exact079.gr | 48 | 1 | 3 | 0 | 4 | 1037 | 0
exact095.gr | 448 | 0 | 0 | 0 | 9 | 26389 | 11
exact097.gr | 1198.5 | 32.5 | 0 | 12 | 0 | 3830 | 66.5
exact115.gr | 837637.5 | 83375 | 8.5 | 25 | 163.5 | 3058207.5 | 53948.5
exact119.gr | 139 | 0 | 2 | 2 | 0 | 12109 | 0
exact121.gr | 618409.5 | 97655.5 | 41 | 6 | 2623.5 | 7470951.5 | 58422.5
exact123.gr | 698484 | 28106 | 43.5 | 34 | 135.5 | 3872937 | 3972
exact127.gr | 196 | 0 | 1 | 0 | 0 | 5106 | 1.5
exact137.gr | 0 | 0 | 0 | 0 | 0 | 64 | 0
exact151.gr | 0 | 0 | 149120 | 3 | 28786 | 328815 | 0
exact153.gr | 0 | 0 | 0 | 0 | 0 | 12 | 0
exact155.gr | 19 | 0 | 3.5 | 0 | 0.5 | 4396 | 0
exact161.gr | 8624 | 1536.5 | 8.5 | 14.5 | 99.5 | 40363.5 | 321.5
exact171.gr | 32408.5 | 2056 | 0 | 0 | 0 | 490209.5 | 696.5
exact173.gr | 154 | 0 | 1 | 0 | 0 | 2175 | 0
exact175.gr | 770487 | 101936 | 0 | 0 | 0 | 5492121 | 8768.5
exact185.gr | 1341.5 | 265 | 21 | 9.5 | 195.5 | 15960 | 33
